((array([[ 92, 115, 116, 119, 121, 117, 111, 105,  99,  91,  80,  79,  81,
         84,  98, 113, 125, 138, 148, 154, 158, 138, 121, 112, 111, 108,
        109, 122, 125, 152, 153, 154, 153, 146, 135, 124, 112, 104,  96,
         93,  94,  99, 112, 129, 149, 164, 176, 186, 191, 174, 157, 149,
        149, 144, 143, 155, 145, 175, 177, 172, 165, 152, 134, 116, 103,
         95,  92,  87,  87,  92, 102, 121, 141, 159, 173, 190, 200, 191,
        177, 173, 179, 171, 164, 171, 155, 186, 187, 180, 169, 153, 132,
        113,  97,  92,  93,  87,  84,  88,  96, 116, 136, 157, 175, 201,
        217, 220, 214, 216, 220, 207, 191, 192, 148, 176, 176, 169, 160,
        146, 131, 118, 105, 102, 104,  97,  92,  94, 101, 121, 143, 165,
        183, 211, 232, 240, 238, 243, 246, 230, 208, 204, 138, 163, 159,
        153, 145, 135, 128, 122, 120, 117, 117, 110, 105, 107, 115, 132,
        151, 169, 186, 210, 231, 239, 241, 247, 254, 241, 221, 217, 134,
        159, 156, 150, 144, 138, 135, 132, 133, 131, 128, 125, 124, 125,
        133, 145, 160, 174, 185, 201, 222, 228, 235, 242, 253, 248, 237,
        238, 135, 163, 164, 161, 158, 156, 155, 151, 149, 148, 145, 147,
        149, 150, 157, 165, 175, 183, 186, 192, 207, 209, 217, 225, 243,
        245, 242, 248, 135, 168, 172, 175, 180, 180, 178, 172, 171, 165,
        163, 165, 170, 175, 179, 185, 188, 195, 194, 180, 186, 187, 189,
        197, 218, 223, 228, 242, 137, 172, 182, 191, 199, 200, 196, 190,
        182, 180, 181, 185, 190, 195, 200, 205, 206, 203, 195, 176, 170,
        160, 158, 165, 180, 191, 205, 227, 135, 169, 182, 195, 204, 205,
        200, 194, 190, 192, 196, 203, 208, 211, 214, 218, 215, 201, 184,
        162, 144, 128, 125, 135, 146, 163, 190, 221, 116, 147, 161, 176,
        188, 194, 194, 193, 192, 197, 202, 208, 211, 210, 210, 209, 203,
        181, 160, 137, 112,  94,  94, 107, 127, 148, 183, 220,  95, 121,
        135, 151, 164, 175, 182, 186, 192, 197, 199, 203, 204, 200, 198,
        193, 183, 159, 137, 114,  83,  63,  61,  74,  95, 118, 156, 193,
         79, 100, 113, 127, 140, 153, 164, 174, 184, 189, 189, 192, 192,
        187, 185, 177, 163, 140, 118,  98,  66,  45,  41,  56,  82, 110,
        149, 186,  62,  80,  92, 108, 122, 139, 155, 169, 180, 187, 187,
        189, 186, 177, 170, 158, 141, 117,  94,  76,  48,  29,  30,  52,
         86, 121, 164, 200,  56,  71,  84,  99, 113, 133, 153, 170, 186,
        195, 195, 196, 188, 172, 159, 143, 124,  97,  69,  52,  26,  11,
         19,  49,  89, 128, 173, 209,  56,  79,  89, 103, 120, 136, 153,
        171, 186, 198, 205, 196, 183, 161, 143, 121, 100,  70,  46,  37,
         13,   3,  13,  46,  90, 129, 164, 197,  77, 100, 109, 120, 133,
        145, 158, 172, 179, 190, 198, 189, 171, 143, 121, 100,  80,  49,
         27,  26,   9,   0,  15,  57,  96, 134, 167, 196, 100, 126, 133,
        140, 146, 149, 154, 162, 170, 176, 179, 170, 149, 120, 100,  83,
         61,  34,  15,  19,  10,   5,  25,  70, 118, 157, 193, 222, 116,
        146, 153, 157, 156, 152, 150, 151, 157, 160, 160, 152, 129,  96,
         73,  57,  46,  30,  14,  16,  15,  17,  35,  70, 108, 146, 183,
        209, 123, 155, 160, 162, 160, 153, 148, 143, 143, 138, 130, 122,
         99,  70,  50,  39,  36,  29,  19,  22,  27,  33,  47,  70, 102,
        132, 162, 180, 128, 159, 160, 161, 159, 153, 147, 137, 130, 117,
        100,  90,  69,  48,  37,  34,  32,  30,  26,  35,  46,  53,  66,
         80,  97, 118, 141, 154, 133, 161, 159, 160, 162, 158, 150, 135,
        119, 105,  87,  78,  59,  41,  32,  31,  36,  36,  38,  50,  63,
         74,  89,  97, 102, 113, 130, 140, 128, 156, 153, 157, 164, 162,
        152, 133, 113,  98,  79,  72,  56,  44,  40,  42,  47,  50,  54,
         64,  78,  94, 111, 113, 115, 119, 127, 132, 120, 145, 146, 149,
        156, 162, 153, 134, 111,  92,  77,  63,  50,  46,  47,  51,  53,
         58,  65,  73,  90, 110, 121, 128, 128, 124, 126, 130, 108, 134,
        136, 142, 150, 156, 148, 131, 111,  87,  65,  50,  44,  48,  51,
         53,  58,  63,  72,  80,  97, 116, 129, 140, 138, 135, 133, 133,
         98, 122, 125, 132, 140, 143, 136, 120, 102,  84,  68,  54,  49,
         54,  58,  59,  56,  60,  69,  78,  94, 113, 131, 148, 157, 156,
        154, 151,  93, 116, 120, 127, 133, 134, 125, 111,  97,  90,  83,
         71,  62,  65,  68,  68,  57,  59,  65,  74,  89, 109, 132, 155,
        175, 178, 178, 175],
       [ 86,  77,  53,  58,  59,  47,  51,  40,  33,  38,  49,  64,  73,
         73,  68,  65,  55,  48,  44,  47,  51,  60,  78,  96, 115, 126,
        124, 115, 117, 104,  78,  82,  82,  68,  71,  62,  44,  53,  67,
         82,  91,  92,  87,  82,  70,  66,  66,  70,  77,  89, 112, 132,
        159, 170, 167, 156, 111,  96,  72,  78,  81,  71,  74,  68,  47,
         52,  61,  69,  74,  77,  78,  75,  69,  69,  70,  70,  73,  84,
        106, 125, 147, 158, 155, 143,  98,  84,  64,  70,  75,  69,  71,
         66,  54,  51,  52,  53,  53,  58,  66,  70,  68,  69,  70,  66,
         64,  71,  87, 101, 123, 137, 140, 131,  89,  77,  61,  63,  68,
         67,  68,  64,  57,  49,  49,  51,  51,  57,  71,  81,  83,  84,
         81,  73,  65,  64,  70,  76,  96, 113, 124, 122,  92,  82,  69,
         69,  73,  74,  75,  73,  66,  57,  60,  67,  69,  77,  96, 109,
        117, 114, 106,  92,  76,  65,  60,  59,  73,  92, 109, 113, 114,
        105,  96,  95,  94,  90,  87,  86,  80,  77,  87, 100, 106, 119,
        139, 151, 155, 148, 134, 114,  93,  74,  61,  56,  62,  80,  99,
        108, 136, 127, 123, 123, 120, 112, 105, 105,  97, 101, 121, 142,
        154, 170, 190, 198, 194, 184, 165, 141, 114,  89,  73,  65,  63,
         79,  98, 109, 157, 156, 154, 151, 145, 137, 131, 128, 125, 135,
        160, 182, 196, 215, 231, 233, 225, 215, 196, 172, 144, 118,  98,
         88,  74,  88, 107, 118, 176, 175, 177, 177, 169, 160, 156, 157,
        158, 171, 196, 216, 227, 242, 254, 254, 239, 228, 210, 187, 163,
        138, 118, 107,  92, 102, 119, 130, 178, 179, 185, 189, 181, 172,
        172, 178, 180, 193, 216, 231, 237, 245, 251, 247, 234, 225, 208,
        190, 172, 152, 134, 122, 115, 120, 132, 143, 170, 172, 180, 184,
        177, 171, 176, 183, 191, 203, 221, 229, 229, 233, 235, 230, 223,
        217, 207, 195, 185, 173, 159, 148, 138, 139, 146, 155, 161, 163,
        170, 171, 165, 166, 173, 176, 179, 187, 197, 200, 198, 201, 204,
        201, 201, 201, 198, 195, 192, 188, 180, 171, 160, 158, 161, 166,
        144, 145, 151, 152, 151, 158, 164, 161, 162, 163, 164, 162, 160,
        163, 166, 166, 162, 169, 176, 183, 189, 193, 189, 183, 175, 170,
        169, 169, 126, 124, 128, 133, 138, 148, 151, 141, 137, 132, 124,
        118, 115, 116, 119, 121, 121, 134, 151, 168, 184, 196, 197, 192,
        180, 174, 169, 166, 115, 109, 113, 121, 128, 137, 137, 123, 105,
         96,  84,  76,  73,  73,  75,  77,  83, 100, 124, 148, 172, 189,
        193, 189, 181, 174, 167, 162, 111, 104, 106, 114, 123, 133, 125,
        104,  81,  63,  45,  38,  37,  37,  40,  44,  51,  69,  94, 121,
        151, 171, 182, 179, 171, 168, 163, 160, 110, 102, 103, 112, 120,
        125, 113,  91,  60,  38,  17,  12,  13,  14,  17,  22,  23,  40,
         65,  94, 130, 156, 173, 172, 164, 161, 156, 153, 108, 100, 102,
        112, 121, 123, 108,  85,  53,  26,   4,   1,   4,   2,   4,   9,
         11,  29,  57,  89, 127, 153, 169, 168, 159, 155, 148, 144, 110,
        106, 109, 118, 127, 129, 114,  91,  56,  27,   3,   2,   5,   1,
          2,   8,  11,  33,  66, 101, 137, 159, 171, 167, 160, 154, 144,
        137, 107, 109, 113, 119, 127, 133, 122, 102,  70,  41,  16,  11,
         11,   8,  13,  23,  36,  62,  97, 129, 158, 172, 179, 172, 160,
        152, 138, 128,  97, 106, 115, 120, 132, 146, 145, 132, 104,  77,
         51,  39,  33,  31,  41,  56,  73, 101, 135, 161, 179, 180, 178,
        167, 156, 148, 133, 122,  88, 102, 116, 126, 141, 161, 170, 169,
        143, 124, 102,  86,  74,  71,  83, 100, 120, 145, 174, 190, 195,
        186, 175, 160, 153, 146, 133, 122,  81,  97, 113, 125, 140, 161,
        176, 181, 174, 164, 148, 133, 118, 114, 125, 141, 162, 181, 200,
        203, 198, 180, 165, 149, 146, 140, 128, 118,  79,  93, 112, 121,
        129, 144, 161, 175, 181, 184, 184, 175, 160, 152, 161, 175, 191,
        201, 209, 199, 181, 163, 146, 138, 138, 136, 126, 117,  76,  89,
        107, 114, 118, 126, 137, 148, 169, 182, 197, 201, 193, 185, 187,
        194, 208, 212, 210, 190, 165, 146, 131, 126, 132, 133, 128, 121,
         76,  86, 103, 108, 106, 105, 107, 115, 135, 158, 185, 200, 202,
        199, 201, 204, 209, 209, 201, 175, 148, 131, 122, 121, 130, 134,
        135, 131,  78,  85,  98, 100,  90,  79,  73,  77, 100, 126, 158,
        177, 184, 188, 192, 195, 196, 197, 190, 166, 141, 127, 122, 124,
        130, 138, 142, 140],
       [170, 172, 171, 173, 165, 157, 146, 125, 104,  77,  62,  55,  47,
         46,  47,  53,  52,  50,  40,  31,  25,  22,  24,  27,  29,  30,
         26,  21, 162, 164, 168, 173, 174, 170, 159, 137, 110,  83,  67,
         58,  52,  51,  52,  56,  56,  53,  44,  35,  28,  25,  26,  28,
         29,  28,  23,  17, 149, 152, 162, 171, 183, 183, 175, 152, 124,
         98,  79,  69,  64,  64,  64,  65,  66,  60,  49,  38,  30,  28,
         29,  32,  31,  28,  20,  14, 130, 133, 147, 158, 178, 181, 175,
        156, 129, 105,  85,  79,  77,  75,  76,  77,  75,  66,  56,  44,
         35,  31,  31,  32,  28,  23,  15,   8, 115, 118, 134, 146, 167,
        172, 170, 158, 139, 118, 100,  96,  93,  86,  83,  84,  80,  71,
         65,  55,  44,  38,  32,  30,  25,  21,  13,   8, 108, 110, 123,
        132, 150, 159, 163, 162, 156, 143, 130, 127, 119, 102,  93,  89,
         80,  70,  68,  60,  50,  46,  39,  36,  29,  25,  18,  15, 106,
        103, 106, 111, 124, 138, 150, 163, 166, 165, 159, 155, 142, 118,
        100,  89,  73,  62,  62,  57,  51,  52,  48,  48,  38,  33,  26,
         21, 110, 101,  95,  95, 104, 123, 142, 164, 177, 184, 182, 174,
        154, 123,  96,  78,  61,  51,  55,  55,  52,  56,  53,  53,  50,
         44,  35,  29, 124, 115, 103,  95, 103, 123, 151, 179, 196, 209,
        203, 188, 157, 120,  86,  65,  47,  42,  46,  48,  54,  57,  61,
         64,  62,  54,  45,  37, 140, 130, 116, 106, 114, 135, 166, 196,
        221, 232, 220, 198, 160, 118,  81,  58,  38,  32,  36,  37,  45,
         52,  61,  67,  67,  59,  49,  40, 155, 144, 129, 118, 125, 147,
        178, 210, 233, 241, 224, 195, 153, 110,  74,  52,  33,  27,  28,
         26,  32,  42,  54,  61,  64,  56,  46,  35, 164, 154, 142, 134,
        141, 162, 192, 223, 242, 247, 223, 188, 142, 100,  67,  47,  30,
         24,  23,  19,  25,  36,  52,  61,  65,  59,  48,  36, 166, 158,
        150, 147, 157, 176, 203, 230, 252, 255, 228, 189, 142, 101,  67,
         45,  31,  22,  19,  14,  21,  36,  56,  69,  75,  72,  61,  48,
        156, 151, 146, 147, 158, 177, 201, 228, 250, 254, 229, 192, 147,
        104,  66,  39,  29,  17,  12,   8,  19,  39,  65,  82,  90,  89,
         78,  63, 130, 127, 126, 130, 144, 166, 194, 224, 247, 253, 230,
        196, 153, 108,  65,  33,  21,   7,   2,   3,  21,  46,  77,  99,
        108, 108,  96,  80,  98,  98, 100, 108, 126, 152, 186, 221, 245,
        253, 233, 203, 162, 119,  73,  39,  19,   4,   0,   4,  24,  50,
         82, 105, 119, 119, 107,  90,  67,  67,  77,  90, 109, 140, 181,
        217, 246, 253, 239, 212, 174, 133,  84,  47,  21,   9,   0,   6,
         22,  48,  80, 105, 116, 116, 103,  89,  43,  46,  59,  75,  97,
        132, 176, 214, 244, 252, 239, 214, 177, 137,  90,  53,  29,  11,
          2,   9,  25,  46,  72,  91, 101, 103,  93,  82,  25,  29,  45,
         64,  90, 128, 174, 213, 239, 247, 235, 211, 176, 138,  93,  60,
         38,  20,  13,  20,  28,  42,  63,  78,  84,  88,  84,  77,  19,
         24,  40,  60,  88, 127, 173, 211, 235, 241, 227, 202, 168, 133,
         94,  66,  46,  30,  25,  29,  31,  40,  58,  68,  72,  80,  82,
         78,  19,  23,  39,  61,  91, 131, 173, 208, 225, 228, 211, 184,
        149, 118,  86,  65,  52,  39,  34,  35,  35,  43,  54,  55,  66,
         76,  83,  83,  20,  24,  41,  64,  96, 133, 172, 202, 212, 212,
        192, 164, 131, 104,  78,  61,  56,  47,  43,  41,  38,  43,  49,
         49,  60,  72,  84,  88,  30,  34,  51,  74, 102, 136, 168, 193,
        205, 203, 182, 158, 129, 106,  83,  68,  59,  52,  45,  41,  37,
         38,  43,  46,  56,  70,  86,  93,  48,  52,  69,  89, 114, 142,
        170, 192, 200, 198, 178, 156, 132, 111,  90,  75,  63,  50,  38,
         33,  33,  34,  37,  42,  54,  69,  88,  98,  72,  77,  92, 114,
        138, 160, 181, 195, 198, 187, 165, 144, 120, 103,  83,  71,  62,
         46,  35,  31,  31,  33,  35,  40,  53,  67,  86, 105, 103, 107,
        118, 136, 155, 171, 185, 196, 189, 176, 156, 138, 118, 103,  84,
         73,  61,  44,  35,  31,  31,  32,  35,  40,  51,  64,  83, 103,
        129, 132, 140, 155, 168, 178, 185, 191, 190, 174, 153, 138, 119,
        103,  85,  74,  56,  41,  32,  30,  29,  29,  32,  38,  47,  57,
         76,  98, 147, 148, 156, 169, 181, 187, 192, 195, 187, 169, 147,
        131, 110,  93,  75,  64,  52,  38,  30,  28,  27,  27,  29,  36,
         44,  52,  70,  93],
       [104, 102, 104, 108, 104,  84,  81,  85,  87,  86,  79,  85,  96,
        114, 133, 150, 168, 182, 190, 179, 166, 160, 152, 136, 123, 139,
        144, 119, 104, 101, 102, 105, 102,  86,  82,  84,  85,  80,  70,
         72,  81,  97, 115, 134, 153, 172, 185, 179, 169, 165, 156, 137,
        125, 136, 138, 114,  99,  96,  97, 102, 104,  92,  88,  85,  82,
         72,  59,  59,  63,  76,  92, 112, 134, 159, 178, 182, 179, 182,
        173, 151, 131, 133, 128, 105,  96,  94,  98, 106, 111, 103,  97,
         88,  80,  66,  53,  49,  48,  58,  72,  91, 115, 145, 169, 185,
        193, 205, 199, 174, 145, 134, 120,  96, 102, 100, 107, 116, 123,
        116, 107,  92,  79,  61,  46,  39,  33,  39,  50,  69,  94, 126,
        155, 185, 207, 228, 225, 201, 168, 143, 117,  89, 109, 109, 118,
        131, 138, 129, 116,  97,  78,  56,  38,  25,  15,  20,  28,  43,
         68, 101, 135, 181, 215, 245, 248, 228, 192, 156, 121,  89, 115,
        118, 133, 150, 155, 142, 123,  99,  76,  51,  30,  15,   3,   7,
          9,  20,  40,  74, 110, 167, 209, 245, 255, 241, 209, 170, 132,
        101, 121, 127, 146, 165, 169, 150, 125,  97,  74,  47,  26,  10,
          0,   2,   0,   7,  23,  54,  90, 150, 194, 233, 248, 238, 217,
        179, 144, 114, 121, 134, 150, 173, 176, 154, 125,  94,  72,  48,
         28,  13,   5,   4,   3,   3,  17,  47,  82, 139, 181, 217, 236,
        230, 216, 189, 152, 127, 133, 143, 155, 174, 177, 158, 130, 100,
         72,  50,  32,  19,  12,  12,  11,  11,  20,  45,  73, 122, 157,
        191, 212, 211, 203, 183, 157, 138, 139, 146, 153, 166, 169, 153,
        128, 100,  76,  56,  41,  31,  25,  23,  22,  21,  28,  48,  71,
        115, 143, 171, 191, 193, 185, 171, 151, 135, 136, 141, 147, 156,
        158, 147, 126, 101,  81,  63,  52,  44,  38,  37,  34,  32,  37,
         52,  72, 111, 133, 156, 170, 173, 165, 153, 135, 119, 125, 130,
        137, 146, 148, 142, 125, 105,  90,  75,  66,  60,  56,  56,  52,
         48,  49,  57,  72, 106, 125, 143, 153, 155, 146, 135, 118, 104,
        105, 111, 123, 135, 142, 140, 128, 115, 104,  92,  84,  78,  75,
         76,  71,  64,  59,  63,  75, 106, 124, 140, 146, 147, 137, 124,
        104,  87,  85,  92, 108, 126, 138, 143, 137, 128, 117, 107, 101,
         94,  93,  97,  91,  81,  70,  70,  76, 101, 116, 132, 136, 137,
        129, 117,  96,  78,  68,  75,  94, 116, 134, 143, 141, 135, 129,
        121, 116, 110, 112, 119, 113, 102,  87,  80,  77,  93, 102, 118,
        123, 125, 119, 111,  96,  80,  62,  68,  84, 106, 125, 136, 139,
        136, 135, 126, 128, 125, 128, 135, 134, 121, 102,  89,  87,  82,
         92, 103, 107, 113, 113, 113, 106,  97,  62,  67,  81,  98, 114,
        126, 133, 135, 135, 134, 140, 137, 142, 151, 149, 132, 114,  99,
         93,  82,  86,  92,  97, 105, 114, 120, 120, 116,  56,  61,  74,
         88, 100, 113, 124, 129, 130, 132, 139, 137, 143, 155, 156, 142,
        123, 105,  92,  78,  78,  83,  88,  95, 104, 113, 120, 122,  44,
         51,  64,  77,  85,  95, 106, 113, 114, 116, 127, 129, 136, 146,
        149, 142, 124, 103,  85,  72,  75,  79,  82,  85,  87,  95, 102,
        105,  36,  43,  55,  64,  68,  73,  81,  85,  83,  91, 107, 115,
        124, 131, 132, 127, 116,  98,  82,  71,  75,  78,  79,  78,  81,
         83,  86,  88,  38,  42,  50,  54,  53,  53,  55,  57,  53,  65,
         83,  89, 100, 109, 111, 105,  98,  90,  82,  75,  78,  79,  81,
         79,  73,  67,  64,  64,  39,  40,  43,  44,  41,  38,  37,  35,
         36,  43,  56,  61,  73,  82,  85,  82,  77,  78,  77,  73,  76,
         78,  81,  78,  69,  58,  49,  46,  35,  34,  35,  36,  33,  30,
         26,  23,  25,  25,  35,  43,  55,  59,  60,  61,  63,  67,  69,
         67,  72,  74,  76,  71,  63,  48,  35,  29,  26,  26,  26,  27,
         28,  24,  19,  19,  18,  20,  21,  28,  37,  41,  45,  47,  49,
         56,  59,  57,  60,  67,  70,  67,  57,  45,  29,  21,  19,  20,
         20,  23,  26,  22,  16,  13,  14,  15,  14,  19,  25,  28,  32,
         34,  42,  46,  47,  47,  51,  61,  66,  67,  59,  50,  37,  30,
         18,  18,  20,  26,  31,  28,  19,  14,  17,  18,  14,  16,  20,
         22,  26,  29,  35,  37,  39,  42,  51,  63,  72,  76,  71,  64,
         55,  50,  21,  21,  24,  31,  38,  35,  25,  18,  19,  19,  15,
         15,  18,  19,  24,  27,  31,  32,  37,  45,  57,  70,  80,  86,
         85,  81,  74,  70],
       [ 69,  69,  70,  79,  94, 106, 109, 109, 104, 105, 116, 125, 130,
        121, 105,  88,  72,  56,  44,  30,  15,   5,   0,   0,   3,   9,
         14,  16,  63,  63,  66,  75,  91, 103, 108, 110, 106, 108, 119,
        127, 134, 126, 111,  92,  75,  58,  45,  31,  16,   6,   1,   1,
          7,  12,  18,  20,  55,  55,  58,  69,  85,  97, 105, 110, 106,
        109, 120, 127, 135, 129, 114,  94,  79,  61,  47,  34,  19,  10,
          6,   7,  12,  18,  24,  26,  48,  48,  51,  64,  82,  95, 104,
        111, 110, 115, 127, 133, 140, 136, 121, 100,  82,  64,  50,  38,
         24,  16,  13,  15,  20,  27,  34,  37,  45,  44,  48,  63,  83,
         99, 109, 117, 116, 123, 136, 143, 149, 144, 129, 109,  85,  67,
         54,  43,  30,  22,  20,  23,  30,  38,  47,  51,  47,  47,  52,
         67,  89, 107, 119, 127, 125, 132, 145, 152, 158, 152, 136, 116,
         88,  71,  58,  48,  35,  28,  27,  31,  40,  49,  59,  64,  57,
         60,  66,  80, 101, 121, 134, 142, 141, 146, 157, 163, 167, 159,
        142, 121,  90,  72,  60,  50,  38,  31,  32,  38,  47,  58,  69,
         75,  71,  75,  81,  94, 114, 134, 149, 157, 152, 154, 162, 167,
        171, 160, 141, 119,  89,  71,  59,  49,  37,  32,  34,  41,  52,
         63,  75,  81,  88,  92,  99, 112, 133, 150, 164, 166, 163, 162,
        167, 169, 166, 159, 135, 112,  85,  67,  52,  43,  35,  31,  34,
         42,  52,  64,  76,  82, 104, 108, 116, 129, 150, 165, 178, 178,
        170, 166, 168, 167, 162, 151, 126, 103,  77,  60,  48,  39,  30,
         26,  28,  35,  48,  60,  72,  78, 124, 126, 133, 146, 166, 179,
        188, 185, 178, 169, 168, 164, 155, 140, 114,  92,  72,  56,  44,
         33,  24,  21,  24,  32,  42,  53,  66,  71, 137, 140, 146, 160,
        182, 194, 201, 197, 185, 173, 168, 163, 151, 133, 106,  85,  68,
         53,  42,  30,  21,  17,  20,  27,  37,  49,  61,  67, 155, 157,
        163, 176, 198, 210, 216, 210, 194, 180, 173, 165, 150, 129, 102,
         82,  67,  56,  46,  35,  24,  20,  20,  26,  38,  49,  60,  65,
        170, 171, 176, 189, 211, 222, 227, 221, 204, 189, 179, 167, 150,
        127, 100,  81,  73,  61,  51,  38,  27,  24,  25,  31,  41,  51,
         62,  67, 181, 183, 188, 201, 222, 232, 238, 232, 213, 198, 186,
        171, 151, 128, 101,  83,  78,  67,  57,  44,  33,  30,  31,  35,
         46,  56,  67,  72, 200, 201, 204, 214, 231, 238, 241, 234, 219,
        204, 191, 174, 153, 131, 105,  87,  82,  75,  69,  59,  48,  43,
         39,  40,  51,  61,  72,  77, 223, 225, 228, 232, 238, 242, 239,
        233, 221, 208, 190, 173, 151, 129, 114,  99,  88,  81,  78,  73,
         65,  58,  51,  49,  54,  64,  79,  86, 238, 239, 240, 241, 244,
        245, 241, 235, 228, 214, 196, 178, 156, 137, 122, 108,  96,  89,
         88,  84,  76,  69,  61,  59,  62,  72,  85,  92, 245, 246, 247,
        248, 252, 253, 249, 245, 235, 222, 204, 186, 165, 147, 133, 120,
        104,  99,  99,  96,  88,  79,  71,  68,  71,  80,  92,  99, 252,
        252, 252, 253, 255, 255, 252, 248, 238, 227, 211, 194, 174, 156,
        142, 128, 112, 106, 105, 102,  95,  87,  78,  74,  79,  86,  96,
        103, 255, 255, 255, 255, 255, 254, 251, 248, 240, 230, 214, 197,
        178, 161, 148, 134, 119, 111, 108, 105, 100,  94,  85,  81,  84,
         89,  98, 105, 252, 252, 252, 252, 252, 250, 248, 246, 238, 228,
        211, 194, 175, 161, 150, 137, 119, 109, 105, 103,  99,  95,  88,
         85,  85,  88,  95, 101, 246, 246, 245, 245, 243, 240, 237, 235,
        229, 219, 203, 187, 169, 155, 146, 133, 112, 104, 101,  98,  95,
         92,  87,  86,  84,  84,  88,  92, 238, 238, 238, 238, 236, 232,
        230, 229, 219, 211, 196, 181, 163, 150, 140, 126, 108, 100,  98,
         96,  92,  89,  85,  85,  83,  81,  82,  84, 236, 233, 231, 229,
        228, 222, 223, 217, 212, 200, 187, 172, 156, 144, 133, 122, 105,
         95,  94,  92,  90,  86,  85,  82,  82,  78,  74,  72, 233, 230,
        228, 225, 223, 217, 216, 210, 206, 194, 182, 168, 152, 140, 130,
        119, 103,  94,  93,  92,  91,  88,  89,  86,  82,  77,  70,  68,
        234, 231, 227, 223, 221, 213, 212, 206, 200, 189, 177, 164, 149,
        138, 129, 118, 104,  95,  94,  93,  94,  92,  95,  92,  85,  77,
         69,  65, 236, 232, 229, 224, 221, 213, 211, 204, 198, 188, 176,
        164, 149, 139, 129, 119, 106,  98,  96,  95,  96,  95,  99,  95,
         88,  79,  69,  65],
       [128,  98, 126, 159, 140,  92, 117, 103,  58,  73,  82,  70,  62,
         59,  79,  87,  97, 112, 104,  95,  86,  67,  64,  55,  51,  64,
        118,  96, 120,  95, 118, 160, 143,  86,  59,  54,  54,  58,  53,
         46,  77,  54,  73,  82,  97, 111,  85,  93,  99,  69,  71,  70,
         55,  91, 142,  88, 142, 122, 125, 103,  55,  23,  40,  77,  81,
         68,  69,  58,  86,  74,  85,  78, 117,  99, 105, 100,  94,  58,
         76,  61,  52,  72,  95,  60, 124, 125,  99,  65,  54,  46,  65,
         94, 102,  74,  47,  59,  83,  79,  73,  82,  64,  79, 109, 111,
         99,  78,  88,  73,  60,  84,  85,  75, 127, 155, 103,  76,  87,
        110, 115,  93,  75,  74,  39,  77,  69,  56,  55,  71,  49,  78,
         65,  84,  95,  66,  76,  62,  49,  93,  83,  68, 116, 138,  96,
         72,  90, 114, 111,  44,  62, 100,  72,  84,  73,  77,  75,  97,
         75,  88,  67,  96, 103,  72,  80,  38,  50, 128, 112,  42, 173,
        157, 124,  87,  84,  62,  70,  62,  73, 117, 108,  86,  60,  66,
         59,  83,  85,  84,  41,  84, 117,  99,  70,  70, 131, 181, 143,
         81, 232, 142, 100,  82,  81,  70,  76,  90,  99, 149, 106,  60,
         55,  58,  38,  62,  66,  66,  61,  73,  74, 106, 133, 121, 136,
        171, 129, 108, 255, 157,  43,  44,  58,  73, 142, 163, 146, 130,
         83,  58,  63,  66,  51,  65,  65,  57,  56,  78,  57,  78, 119,
        119,  85, 119,  79, 111, 249, 129,  39,  26,  73,  92, 116, 133,
        129,  59,  43,  45,  52,  56,  45,  62,  66,  80,  61,  69,  82,
        107, 106, 113, 124, 115,  79, 116, 208,  87,  39,  37,  79,  71,
         73, 110,  99,  45,  51,  54,  61,  73,  52,  61,  80,  76,  80,
         98, 110,  94,  90, 128, 121,  99,  79, 111, 102,  32,  25,  33,
         92, 106,  75,  90,  96,  73,  71,  74,  77,  79,  57,  81,  74,
         81,  81, 104, 116, 110,  89, 119,  95,  79,  73,  88,  77,  36,
          9,  20,  80, 130, 150, 115,  83,  92, 105, 101,  80,  62,  42,
         69,  91,  92,  79,  93, 127, 116,  82,  89,  91,  76,  90,  93,
         89,  68,  40,  15,  69, 136, 175, 116,  82,  89, 113, 101,  81,
         60,  49,  84, 113, 100,  93, 110, 164, 115,  93, 118,  97,  74,
        104, 112,  88, 125,  97,  38, 104, 158, 171, 102,  84,  89, 105,
         90,  92, 102,  88,  99, 109, 117, 101, 100, 134,  93,  59,  85,
         93,  73,  78,  88, 102, 129, 135,  81, 104, 119, 120,  95,  84,
         74,  83,  88,  79,  83,  69,  74,  66,  67,  73,  67,  74,  55,
         38,  39,  64,  76,  60,  71,  66,  97, 110, 100,  71,  46,  95,
         98, 104,  80,  76,  78,  93, 124,  75,  61,  61,  47,  54,  52,
         56,  62,  40,  23,  38,  63,  44,  70,  96, 103,  74,  90,  77,
         88,  99, 112, 134, 105,  66,  84, 101, 107,  47,  39,  58,  75,
         65,  45,  61,  71,  36,  41,  23,  49,  71,  95, 123, 115,  54,
         48, 118, 119,  89, 106,  91, 102,  76,  96,  70,  62,  59,  47,
         78,  85,  73,  84,  65,  39,  41,  78,  52,  53,  77,  96, 111,
        130,  56,  67, 142, 118,  97, 104,  71,  63,  64,  95,  79,  60,
         67,  57,  81,  81,  78, 100,  65,  39,  51,  57,  62,  66,  81,
         93,  97,  86,  91, 128, 158,  94,  85,  63,  33,  37,  64,  90,
         77,  53,  59,  57,  76,  83,  79,  71,  65,  76,  77,  65,  77,
         81,  74,  85,  85,  80,  96, 143, 138, 108,  86,  39,  20,  76,
        105,  78,  77,  88,  58,  55,  98,  85,  79,  83,  73,  65,  80,
         82,  83,  90,  78,  81,  80,  92,  78,  73,  86, 134,  81,  44,
          9,  56,  94,  65,  87, 110,  42,  59, 119,  91,  82, 102,  80,
         59,  93,  92,  85,  90,  68,  56,  88,  83,  56,  63, 118, 175,
        103,  68,  23,  28,  81, 125, 109,  84,  68,  71,  95,  97,  97,
        103,  87,  73,  84,  71,  69,  84,  67,  57, 121, 130,  67,  64,
        136, 178, 122,  84,  45,   1,  70, 178, 124,  72, 102,  79,  94,
        101, 106, 102,  76,  56,  73,  73,  62,  73,  85,  81, 116, 136,
         82,  84, 162, 173, 131,  69,  43,   0,  54, 165, 149,  51,  93,
        109, 123, 139, 111, 100,  80,  68,  81,  75,  86,  92, 127,  97,
        106, 112, 137, 159, 135, 132, 134, 110,  57,   5,  27, 132, 177,
         45,  60, 111, 150, 124, 123,  97,  92,  91, 130,  69, 101, 112,
         91, 103,  87,  96,  80, 138, 120, 140, 174, 154,  80,   3,  49,
        150, 161,  41,  58, 104, 109,  98, 119,  74,  71,  77, 106,  67,
         74, 124, 111, 136],
       [145, 144, 152, 133, 154, 115,  40,  75, 147, 142, 182, 141,  38,
         14,  25,  43,  56,  57,  85,  77,  69,  48,  33,  80,  94, 122,
        115,  81, 145, 175, 175, 174, 255, 148,  47,  89, 110,  96,  72,
         36,  22,  26,  31,  68,  66,  46,  75,  72,  63,  68,  59,  84,
        129, 135, 148, 167,  77,  99, 140, 177, 233,  91,  34,  54,  58,
         76,  69,  51,  38,  32,  25,  46,  63,  66,  55,  62,  65,  80,
        109, 111, 146, 151, 147, 169,  78, 108, 141, 124, 123,  21,  14,
         75,  67,  47,  53,  81,  44,  32,  29,  37,  56,  85,  80,  80,
        119, 119, 124, 142, 170, 164, 157, 183,  99,  88, 105,  79,  50,
          9,  27, 102, 110,  86,  75,  95,  38,  30,  32,  52,  58,  66,
         81,  99,  82,  99,  95, 145, 180, 178, 160, 158, 110, 125, 100,
         69,  48,  24,  51,  98, 122, 118,  93,  89,  34,  14,  13,  47,
         65,  56,  66,  91,  92, 107, 138, 179, 173, 163, 143, 127,  87,
        131,  77,  61,  85,  81,  92,  94,  87, 102,  79,  54,  20,  15,
         40,  57,  58,  54,  66,  95,  98, 119, 168, 195, 164, 174, 142,
         88, 121, 143, 104,  76,  95, 152, 151,  85,  60,  72,  69,  59,
         37,   7,  36,  36,  39,  59,  69, 111, 118, 114, 157, 170, 157,
        169, 166, 125, 109, 104,  94,  76,  66, 120, 133,  46,  22,  35,
         63,  71,  67,  32,  22,  28,  48,  75,  82, 132, 142, 122, 121,
        135, 133, 141, 143, 150,  86,  64,  75,  69,  48,  69,  65,  43,
         39,  42,  44,  54,  78,  55,  10,  20,  25,  52, 101, 163, 160,
        160, 148, 143, 166, 207, 141, 154,  63,  66,  44,  28,  30,  37,
         29,  58,  71,  50,  45,  56,  83,  52,   5,  19,  32,  65, 102,
        158, 155, 145, 124, 146, 180, 192, 190, 178,  81,  71,  28,  24,
         34,  41,  33,  43,  58,  54,  64,  60,  53,  42,  26,  32,  54,
         89, 105, 128, 139, 159, 138, 161, 194, 171, 180, 194, 103,  45,
          9,  26,  37,  41,  28,  45,  78,  72,  83,  51,  45,  43,  53,
         59,  71,  84, 102, 128, 175, 215, 177, 210, 218, 174, 212, 202,
         74,  31,   1,  12,  33,  41,  39,  81, 109,  86, 110, 102,  81,
         66,  72,  73,  70,  95, 112, 128, 159, 209, 184, 187, 200, 176,
        187, 177,  46,  35,  20,  32,  45,  54,  64,  82,  78,  98,  81,
         89,  75,  77,  73,  86, 104, 154, 131, 120, 123, 167, 180, 195,
        199, 164, 133, 147,  62,  39,  26,  44,  58,  60,  62,  68,  81,
         86,  43,  43,  59,  74, 104,  71,  87, 137, 128, 134, 117, 150,
        171, 190, 161, 180, 142, 147,  88,  82,  60,  60,  69,  74,  76,
         74,  69,  70,  32,  46,  51,  69,  85,  94,  92, 115, 130, 156,
        155, 171, 174, 169, 162, 192, 186, 144,  91, 137, 129, 107, 102,
        145,  95,  50,  54,  66,  52,  62,  59,  85, 114, 115, 135, 108,
        130, 179, 183, 172, 190, 191, 167, 176, 210, 173,  94, 139, 139,
        106,  96, 187, 125,  43,  46,  65,  58,  70,  81,  92, 125, 128,
        132, 105, 110, 131, 150, 169, 140, 152, 189, 163, 230, 252, 108,
        130, 146, 121, 110, 161,  94,  25,  31,  48,  64,  94, 151, 134,
        124, 125, 140, 121, 107,  98, 136, 186, 147, 141, 198, 240, 241,
        224, 100, 110, 153, 137, 133, 128,  61,  46,  56,  73,  84, 134,
        203, 137, 117, 115, 122, 143,  97, 129, 174, 176, 124, 124, 173,
        212, 183, 183,  62,  61, 124, 105,  78,  77,  58,  81,  94, 146,
        140, 148, 199, 115,  97, 117, 119, 125, 153, 204, 144, 131,  98,
         99, 122, 161, 155, 141,  92,  88, 124,  88,  41,  65, 100, 131,
        113,  97, 101, 108, 147, 116, 100, 112, 120, 136, 173, 206, 135,
         99, 101,  93, 116, 121, 142, 152,  63,  85,  85,  62,  61,  87,
        114, 128, 120, 133, 127, 122, 147, 141, 128,  97, 123, 127, 143,
        150,  83,  58,  75, 110, 114,  78,  96, 136,  58,  70,  72,  75,
         94, 130, 107,  98, 132, 173, 157, 127, 120, 145,  80,  50,  66,
         94, 101, 103,  70,  53,  59, 114, 126,  78,  73, 108,  61,  54,
         73,  66, 128, 158, 117, 104, 146, 177, 177, 156, 129, 138,  65,
         44,  75,  79,  84,  85,  64,  53,  49,  97, 115,  76,  65,  85,
         51,  63,  57,  55, 109,  95, 101, 188, 168, 139, 127, 158, 140,
        114,  93,  68,  50,  70,  99,  87,  67,  77,  83, 128, 127, 113,
        103,  94,  33,  54,  45,  72,  93,  85, 143, 220, 150,  86, 107,
        134, 113,  93,  93,  92,  71,  94, 127,  96,  78,  96,  91, 107,
        108, 142, 143,  89],
       [ 34,  40,  38,  28,  31,  42,  39,  26,  26,  22,  24,  41, 111,
         63,  23,  10,   0,  10,  21,  15,   9,   3,   0,   3,   2,  10,
         18,  31,  45,  54,  40,  36,  33,  47,  51,  30,  32,  48,  53,
         50,  57,  20,  16,  14,  12,  16,  17,  17,   2,   8,   8,   1,
          7,  19,  23,  23,  28,  34,  38,  39,  44,  50,  38,  38,  44,
         70,  67,  62,  61,  34,  14,  24,  42,  43,  30,  25,  10,   9,
          4,   5,   5,   5,   4,  22,  33,  38,  51,  44,  40,  49,  67,
         41,  39,  56,  62,  52,  53,  45,  17,  23,  46,  53,  37,  20,
         17,   8,   2,   2,   0,   4,  13,  37,  36,  43,  54,  47,  46,
         58,  73,  43,  41,  45,  53,  45,  49,  35,  22,  35,  55,  53,
         34,  38,  36,  11,   9,   7,   7,   9,  28,  42,  48,  48,  48,
         56,  68,  67,  50,  54,  54,  53,  49,  49,  63,  46,  53,  53,
         74,  76,  52,  69,  59,  26,  20,  24,  20,  16,  35,  33,  52,
         66,  70,  95,  96,  80,  66,  54,  69,  71,  67,  64,  65,  62,
         85,  60,  62,  68,  63,  61,  49,  41,  25,  28,  42,  54,  68,
         49,  30,  53,  76,  89,  95,  88,  79,  81,  99, 105,  96,  98,
        101,  80,  82,  75,  71,  43,  71,  64,  53,  60,  40,  49,  73,
         84,  86,  84,  25,  40,  49,  50,  62,  93,  97, 107, 104, 114,
        122, 110, 115, 109, 110, 102, 102,  78, 102,  70,  50,  71,  86,
         74,  71,  77,  94, 117,  26,  35,  55,  54,  61,  74,  66,  83,
        109,  96,  89, 108, 135, 153, 116, 133, 138, 134, 110,  65,  66,
         97, 131, 115,  84,  69, 134, 197,  27,  40,  50,  43,  48,  56,
         50,  56,  80,  88,  81,  92, 111, 155, 152, 163, 163, 202, 161,
        117, 113, 117, 100,  94,  76,  83, 180, 215,  28,  34,  42,  42,
         57,  84,  65,  64,  93,  68,  74,  89,  96, 104, 143, 136, 145,
        219, 186, 140, 143, 124,  97,  76, 103, 160, 247, 231,  29,  34,
         25,  46,  46,  57,  60,  75,  80,  61, 107, 109,  94,  76, 140,
        166, 174, 185, 171, 158, 136, 121,  83,  98, 119, 190, 254, 244,
         29,  34,  37,  46,  53,  83,  73,  69,  74,  70,  98, 100,  85,
         68, 132, 207, 206, 159, 200, 178, 134, 143, 125, 132, 139, 174,
        217, 236,  43,  34,  45,  51,  56,  63,  65,  67,  85, 108, 104,
        104,  97,  86, 111, 152, 150, 137, 152, 149, 135, 147, 151, 171,
        167, 170, 207, 224,  51,  38,  69,  49,  47,  45,  46,  49,  77,
        108,  98,  83,  82,  92, 104, 108, 140, 110, 119, 140, 137, 124,
        138, 147, 153, 168, 231, 235,  47,  52,  70,  53,  53,  61,  50,
         57,  91, 106,  92,  93,  86,  89, 106,  88, 122, 109, 127, 152,
        149, 124, 143, 157, 163, 188, 234, 241,  61,  65,  82,  53,  60,
         74,  80,  84,  91,  94,  85, 113,  90,  95, 115,  91,  96, 128,
        143, 165, 165, 133, 152, 165, 174, 200, 230, 245,  49,  50,  58,
         47,  61,  71,  66,  77,  89, 102, 113, 128, 104, 118, 135, 101,
        126, 139, 116, 132, 130, 124, 125, 132, 142, 159, 193, 246,  44,
         50,  61,  59,  66,  60,  40,  68,  67,  77, 120, 126, 100, 136,
        144,  97, 119, 135, 112,  81,  87, 103, 140, 148, 149, 156, 147,
        187,  41,  47,  74,  62,  68,  56,  35,  53,  52,  61,  86,  98,
         96, 147, 142, 117, 130, 140, 120, 112, 127, 122, 168, 191, 162,
        147, 106, 132,  55,  49,  70,  62,  59,  63,  48,  55,  82,  80,
         85,  75,  73, 117, 118,  87, 100, 130, 141, 138, 129, 140, 166,
        183, 153, 152, 135, 159,  61,  54,  54,  52,  45,  53,  46,  57,
         73,  83,  92,  68,  80, 109, 107,  88,  98, 124, 161, 137, 126,
        147, 163, 170, 125, 160, 166, 182,  56,  58,  52,  52,  71,  69,
         55,  53,  92,  86, 100,  87,  85, 104,  92,  97, 112, 120, 131,
        126, 136, 152, 155, 166, 141, 153, 172, 210,  47,  59,  69,  53,
         76,  97,  84,  80,  88, 101, 108,  88,  79, 106, 131, 112, 128,
        123, 127, 152, 151, 144, 147, 153, 143, 137, 157, 209,  57,  72,
         90,  74,  82,  93,  81,  81,  98, 137, 136, 105,  97, 123, 130,
         98,  98,  87, 104, 134, 140, 122, 135, 151, 168, 132, 144, 209,
         65,  80, 107,  97,  95,  96,  76,  69, 102, 120, 115, 116, 104,
        115, 129, 112, 107, 102,  92, 110, 178, 165, 165, 186, 186, 190,
        193, 203,  90, 103, 134, 131, 125, 125,  99,  82, 102, 101, 104,
        121,  87, 121, 169, 131, 112, 112, 111, 109, 158, 152, 177, 196,
        195, 199, 187, 180]], dtype=uint8), [1, 1, 1, 1, 0, 0, 0, 0]), (array([[  1,   2,   2,   4,   7,  13,  19,  22,  22,  16,  17,   9,   6,
          6,   7,   5,   8,   7,  10,  16,  18,  19,  20,  16,  19,  30,
         38,  47,   4,   3,   1,   4,  13,  25,  35,  40,  37,  28,  26,
         16,  11,  11,  16,  19,  19,  20,  22,  27,  31,  35,  35,  30,
         36,  55,  73,  89,   1,   0,   0,   2,  12,  24,  31,  35,  35,
         27,  25,  16,  12,  12,  19,  25,  21,  21,  18,  16,  21,  27,
         25,  22,  25,  49,  70,  86,   2,   3,   2,   4,  12,  20,  25,
         31,  28,  27,  27,  21,  22,  25,  31,  34,  35,  27,  15,   7,
         12,  17,  16,  17,  27,  50,  70,  84,  13,  16,  12,  10,  14,
         20,  30,  44,  41,  50,  56,  54,  61,  66,  68,  62,  48,  31,
         13,   2,   5,   8,   7,  12,  27,  49,  68,  82,  33,  34,  28,
         20,  16,  17,  30,  51,  62,  87, 106, 113, 123, 125, 118, 102,
         79,  52,  29,  16,  13,  10,   4,  10,  24,  41,  56,  70,  46,
         47,  40,  32,  27,  26,  43,  70,  92, 130, 163, 178, 191, 189,
        178, 157, 134,  99,  70,  49,  35,  24,  12,  13,  20,  33,  46,
         60,  43,  44,  39,  36,  38,  44,  69, 103, 123, 167, 205, 225,
        239, 238, 229, 211, 181, 141, 107,  79,  57,  41,  25,  21,  29,
         41,  54,  69,  31,  38,  36,  43,  58,  73, 101, 127, 142, 175,
        212, 231, 249, 255, 254, 244, 220, 176, 138, 102,  79,  57,  45,
         40,  43,  64,  76,  88,  21,  30,  37,  55,  77,  95, 118, 137,
        143, 165, 191, 208, 230, 245, 254, 254, 239, 200, 163, 127, 101,
         77,  61,  52,  58,  78,  93, 106,  22,  31,  47,  71,  95, 113,
        127, 134, 132, 140, 152, 166, 191, 212, 231, 239, 228, 205, 180,
        149, 123,  98,  79,  67,  69,  86, 102, 115,  39,  47,  66,  89,
        106, 117, 120, 116, 107, 105, 109, 121, 146, 167, 190, 206, 214,
        208, 195, 170, 140, 112,  88,  73,  67,  78,  92, 104,  58,  67,
         87, 104, 112, 115, 108,  95,  86,  81,  83,  92, 112, 131, 160,
        185, 203, 207, 197, 173, 143, 114,  87,  69,  60,  64,  76,  85,
         83,  94, 113, 123, 124, 120, 104,  87,  70,  66,  66,  70,  83,
        100, 135, 167, 183, 189, 178, 158, 134, 113,  90,  72,  68,  63,
         72,  78, 110, 120, 135, 139, 137, 129, 107,  87,  58,  50,  46,
         46,  57,  74, 108, 137, 162, 173, 164, 150, 132, 119, 102,  89,
         86,  73,  75,  76, 120, 128, 139, 138, 136, 128, 103,  83,  55,
         43,  35,  35,  50,  67,  95, 119, 138, 156, 153, 145, 131, 122,
        111, 102,  93,  73,  70,  66, 107, 122, 135, 127, 125, 119,  99,
         80,  56,  36,  23,  26,  37,  52,  73,  93, 121, 131, 136, 138,
        129, 120, 119, 108,  95,  74,  63,  62,  79,  93, 105,  99, 101,
         97,  79,  60,  39,  21,  14,  16,  23,  39,  57,  68,  88, 102,
        109, 115, 116, 112, 108,  95,  79,  62,  53,  51,  59,  69,  78,
         73,  78,  77,  63,  45,  24,  13,  13,  12,  11,  24,  40,  46,
         58,  77,  87,  97, 104, 101,  92,  77,  65,  55,  52,  50,  50,
         54,  57,  55,  61,  61,  52,  39,  29,  26,  27,  19,  10,  13,
         20,  29,  45,  68,  82,  93, 100,  92,  76,  63,  55,  55,  58,
         56,  53,  52,  51,  52,  62,  64,  62,  56,  53,  58,  58,  42,
         29,  18,  14,  30,  49,  73,  90, 102, 107,  93,  71,  61,  54,
         61,  68,  66,  60,  58,  57,  65,  81,  87,  91,  87,  87, 101,
        105,  82,  58,  35,  26,  49,  71,  91, 106, 113, 111,  93,  72,
         64,  64,  73,  81,  78,  63,  64,  65,  77, 100, 110, 115, 109,
        115, 131, 139, 114,  85,  63,  54,  76, 104, 120, 128, 118, 102,
         84,  70,  70,  81,  88,  91,  86,  69,  73,  76,  91, 116, 129,
        133, 123, 124, 135, 145, 128, 109,  99,  94, 109, 134, 148, 149,
        124,  95,  78,  74,  82,  97, 101,  99,  92,  77,  85,  95, 112,
        133, 144, 135, 128, 121, 120, 132, 133, 133, 135, 131, 140, 160,
        163, 164, 133,  93,  75,  81, 107, 127, 132, 127, 114,  92, 104,
        115, 129, 140, 143, 136, 126, 113, 106, 116, 125, 138, 150, 147,
        153, 161, 165, 168, 137,  97,  79,  88, 116, 143, 148, 143, 129,
        112, 129, 143, 156, 156, 150, 148, 135, 122, 107, 106, 113, 129,
        142, 138, 140, 142, 146, 154, 136, 109,  95,  97, 116, 144, 149,
        145, 131, 133, 153, 170, 183, 179, 168, 172, 154, 133, 113, 102,
         99, 108, 117, 113, 114, 118, 123, 136, 132, 119, 108, 100, 108,
        129, 135, 131, 119],
       [ 25,  24,  25,  21,  18,  20,  20,  20,  21,  21,  18,  15,  10,
          8,  10,   8,   8,   5,   3,   1,   0,   1,   7,  14,  15,  14,
         12,  10,  46,  45,  46,  42,  38,  38,  38,  41,  45,  43,  36,
         29,  20,  16,  18,  15,  13,  10,   6,   2,   1,   5,  13,  21,
         28,  26,  22,  19,  46,  47,  47,  41,  36,  33,  32,  36,  38,
         36,  30,  23,  17,  15,  18,  15,  12,  10,   5,   1,   0,   5,
         15,  23,  27,  24,  20,  17,  49,  50,  49,  42,  38,  34,  28,
         28,  27,  27,  22,  18,  15,  15,  16,  11,   8,   8,   6,   3,
          0,   3,  11,  18,  24,  22,  20,  19,  53,  53,  51,  43,  40,
         38,  28,  20,  16,  17,  14,  13,  13,  13,  12,   4,   4,   6,
          8,   6,   3,   2,   5,   9,  14,  16,  18,  19,  57,  53,  51,
         46,  42,  41,  30,  18,  14,  17,  19,  21,  22,  22,  19,  10,
          3,   3,   4,   4,   2,   0,   0,   3,   8,  12,  16,  18,  61,
         52,  51,  48,  43,  43,  35,  23,  27,  35,  43,  49,  50,  47,
         41,  29,  20,  13,   8,   7,   5,   2,   2,   4,   5,   8,  12,
         14,  68,  54,  54,  54,  47,  46,  42,  34,  45,  59,  73,  84,
         86,  82,  74,  60,  49,  35,  22,  17,  14,   9,   7,   9,   8,
         10,  12,  13,  79,  66,  64,  66,  51,  47,  48,  49,  68,  92,
        109, 117, 128, 131, 123, 116, 101,  75,  54,  47,  36,  24,  19,
         13,  12,  11,  14,  14,  86,  73,  73,  73,  57,  53,  56,  64,
         90, 116, 134, 148, 162, 170, 171, 166, 149, 122,  93,  75,  57,
         40,  30,  19,  14,  12,  16,  16,  86,  73,  79,  78,  61,  59,
         60,  74, 105, 124, 129, 138, 156, 180, 206, 215, 198, 172, 139,
        112,  85,  62,  45,  30,  16,  14,  17,  18,  90,  78,  91,  91,
         75,  70,  62,  75,  97, 116, 119, 128, 146, 171, 205, 218, 211,
        190, 159, 131, 101,  72,  50,  33,  18,  15,  17,  18, 104,  94,
        110, 111,  96,  86,  63,  67,  83,  95,  93,  98, 111, 135, 172,
        188, 186, 171, 147, 124,  97,  67,  46,  31,  20,  15,  16,  17,
        110, 102, 117, 118, 104,  91,  60,  54,  59,  67,  66,  73,  82,
         99, 126, 137, 138, 129, 113,  98,  80,  58,  42,  31,  21,  15,
         15,  15, 115, 110, 119, 116, 103,  91,  59,  48,  46,  46,  47,
         54,  61,  69,  81,  85,  84,  82,  72,  65,  58,  48,  38,  29,
         19,  12,  12,  12, 129, 124, 127, 120, 107,  96,  66,  53,  43,
         40,  42,  49,  53,  52,  49,  46,  47,  49,  44,  40,  41,  37,
         30,  21,  15,   8,   8,   9, 155, 153, 143, 130, 115, 102,  85,
         61,  48,  35,  41,  55,  52,  50,  43,  36,  39,  31,  27,  24,
         27,  28,  20,  20,  12,  10,   9,   9, 182, 180, 170, 156, 139,
        123, 102,  76,  59,  41,  41,  53,  49,  46,  37,  31,  33,  33,
         29,  22,  21,  21,  16,  13,  12,  12,  13,  14, 219, 218, 208,
        191, 171, 151, 128, 101,  71,  46,  38,  48,  46,  43,  35,  31,
         37,  44,  41,  32,  21,  14,  12,  10,  11,  13,  16,  17, 236,
        236, 228, 213, 192, 172, 150, 124,  95,  63,  44,  44,  38,  33,
         26,  26,  46,  60,  64,  58,  40,  21,  17,  17,  16,  18,  19,
         18, 241, 241, 234, 220, 201, 185, 169, 150, 133,  99,  70,  53,
         34,  26,  26,  35,  58,  81,  93,  89,  66,  42,  35,  33,  30,
         27,  23,  20, 252, 246, 232, 214, 195, 185, 182, 175, 167, 137,
        102,  71,  41,  33,  41,  57,  88, 112, 123, 110,  86,  66,  56,
         51,  46,  36,  24,  18, 253, 244, 226, 206, 186, 177, 183, 184,
        182, 156, 121,  87,  59,  55,  65,  81, 117, 134, 142, 126, 104,
         88,  75,  69,  57,  40,  22,  14, 243, 237, 225, 209, 188, 177,
        180, 182, 181, 157, 126,  99,  81,  85,  94, 106, 123, 136, 147,
        138, 122, 105,  87,  81,  63,  42,  20,  12, 239, 244, 246, 232,
        212, 189, 177, 162, 158, 134, 118, 105, 100, 112, 120, 124, 129,
        134, 145, 133, 127, 120,  98,  82,  60,  37,  21,  17, 220, 235,
        246, 238, 219, 188, 164, 141, 122, 102,  99, 105, 116, 128, 123,
        112, 109, 115, 129, 123, 121, 115,  94,  79,  54,  34,  22,  21,
        195, 220, 236, 233, 216, 182, 149, 124, 100,  85,  90, 103, 117,
        126, 113,  95,  84,  89, 105, 104, 105, 100,  81,  70,  50,  33,
         27,  29, 163, 192, 208, 204, 190, 158, 123,  99,  86,  73,  79,
         90, 100, 107,  96,  81,  73,  75,  88,  85,  84,  76,  59,  51,
         48,  34,  32,  36],
       [  5,   6,   6,   9,  12,  11,  10,  13,  16,  18,  21,  23,  25,
         27,  29,  31,  31,  31,  30,  37,  53,  63,  51,  50,  61,  82,
         79,  75,   9,   8,  11,  13,  11,  12,  15,  14,  16,  18,  21,
         23,  24,  25,  28,  30,  38,  35,  28,  31,  41,  48,  41,  41,
         54,  69,  67,  68,  11,  10,  15,  15,  10,  13,  18,  14,  15,
         17,  20,  21,  22,  23,  26,  28,  33,  33,  27,  29,  29,  30,
         32,  38,  43,  50,  48,  55,  13,  15,  19,  17,  12,  16,  20,
         17,  15,  17,  20,  21,  21,  21,  24,  26,  24,  27,  26,  33,
         28,  25,  32,  39,  46,  46,  43,  54,  16,  21,  22,  19,  19,
         21,  22,  23,  19,  21,  22,  22,  22,  21,  22,  23,  23,  25,
         24,  36,  36,  33,  36,  41,  54,  50,  46,  57,  20,  23,  22,
         21,  23,  23,  22,  24,  22,  23,  23,  23,  23,  22,  21,  20,
         22,  24,  24,  34,  37,  36,  39,  47,  59,  55,  49,  58,  28,
         24,  23,  24,  24,  21,  19,  19,  18,  18,  19,  21,  23,  23,
         21,  19,  19,  22,  22,  28,  31,  34,  38,  53,  66,  64,  56,
         62,  37,  26,  26,  30,  24,  20,  19,  15,  12,  12,  13,  17,
         22,  23,  21,  19,  21,  21,  19,  21,  27,  34,  35,  52,  64,
         64,  55,  61,  46,  32,  31,  28,  27,  16,  14,  11,  12,  10,
         13,  15,  19,  22,  20,  19,  21,  19,  19,  21,  25,  29,  33,
         37,  45,  65,  64,  65,  52,  33,  31,  22,  22,  16,  14,  13,
         10,   8,  11,  13,  17,  20,  18,  18,  18,  17,  18,  20,  23,
         25,  28,  30,  52,  89,  91,  84,  42,  26,  30,  19,  18,  16,
         11,  11,   9,   7,  10,  11,  14,  17,  15,  15,  15,  15,  16,
         19,  22,  24,  26,  29,  55,  85,  93,  97,  31,  22,  30,  21,
         19,  16,  12,  11,   9,   8,   9,   9,  11,  13,  12,  13,  13,
         12,  13,  16,  20,  24,  29,  32,  36,  48,  68,  90,  28,  19,
         21,  16,  17,  13,  14,  10,   9,   8,   9,   8,   9,  12,  11,
         13,  13,  12,  12,  15,  19,  22,  27,  31,  29,  38,  58,  78,
         26,  12,   9,  10,  17,  14,  15,   9,   8,   7,   9,   8,   9,
         12,  13,  16,  16,  16,  17,  18,  20,  20,  22,  25,  25,  33,
         41,  51,  31,  11,  10,  11,  20,  17,  14,  12,   9,   8,  10,
          9,   9,  12,  13,  17,  18,  18,  19,  20,  20,  20,  20,  22,
         33,  37,  42,  50,  38,  13,  14,  10,  15,  12,   9,  13,  11,
         10,  12,   9,   8,  11,  12,  16,  15,  15,  16,  18,  18,  18,
         20,  22,  30,  36,  48,  54,  32,  15,  12,  12,  14,  13,  12,
         10,   9,   8,   8,   9,   8,  11,  14,  14,  15,  16,  15,  16,
         19,  19,  18,  20,  23,  33,  41,  44,  25,  13,  11,  10,  11,
         14,  13,  10,   9,   7,   8,   9,   9,  11,  14,  14,  16,  15,
         16,  18,  18,  18,  19,  21,  24,  28,  32,  36,  22,  16,  12,
         12,  10,  13,  12,   9,   7,   5,   7,   8,   9,  11,  13,  13,
         15,  13,  15,  18,  17,  19,  25,  28,  31,  32,  37,  42,  35,
         24,  18,  17,  13,  13,  10,   8,   5,   3,   4,   7,   8,  10,
         12,  12,  14,  13,  16,  17,  14,  21,  31,  33,  31,  30,  37,
         43,  59,  33,  23,  22,  17,  13,   9,   9,   4,   1,   2,   6,
          7,   9,  11,  11,  15,  16,  19,  17,  12,  20,  30,  30,  30,
         27,  32,  39,  94,  44,  29,  22,  18,  14,   9,   9,   5,   1,
          2,   6,   8,   9,  11,  11,  16,  20,  23,  19,  13,  17,  22,
         21,  25,  29,  36,  39, 137,  65,  41,  24,  20,  16,  10,   9,
          6,   2,   2,   6,   8,  10,  11,  12,  16,  20,  23,  20,  16,
         15,  19,  21,  28,  44,  55,  56, 172,  84,  54,  28,  22,  19,
         12,   9,   7,   2,   2,   6,   8,  10,  11,  12,  15,  18,  20,
         19,  18,  16,  20,  27,  28,  49,  64,  64, 197, 118,  68,  37,
         28,  23,  16,   9,   6,   5,   7,  11,  10,  10,  13,   9,  10,
         16,  19,  19,  22,  21,  22,  33,  36,  44,  63,  70, 236, 142,
         75,  39,  31,  23,  15,  15,   7,   7,   8,  12,  12,  13,  16,
         12,  16,  19,  21,  20,  22,  22,  23,  29,  30,  37,  56,  64,
        255, 160,  82,  43,  39,  28,  12,  10,  13,  12,  11,  14,  14,
         15,  18,  15,  18,  19,  21,  20,  21,  25,  28,  27,  31,  37,
         50,  57, 238, 150,  78,  42,  50,  45,  24,  16,  18,  18,  15,
         16,  16,  15,  17,  15,  18,  18,  19,  20,  19,  26,  31,  26,
         28,  32,  39,  42],
       [ 77,  41,  58, 127, 164, 146,  82,  37,  34,  48,  83,  87, 129,
        140, 139, 131, 122, 144, 159, 176, 191, 225, 255, 243, 217, 181,
        119,  60,  65,  32,  42,  88, 127, 135,  85,  41,  38,  40,  80,
        104, 146, 165, 159, 133, 122, 131, 141, 157, 165, 194, 215, 205,
        179, 152, 103,  51,  52,  39,  46,  76,  89,  89,  70,  46,  34,
         44,  71,  91, 127, 152, 150, 141, 137, 137, 154, 159, 150, 160,
        174, 170, 152, 129,  90,  47,  37,  43,  70,  80,  80,  86,  74,
         66,  60,  58,  74,  88, 104, 150, 176, 179, 169, 162, 183, 174,
        150, 142, 151, 150, 132, 105,  74,  42,  38,  76, 113, 123,  99,
         73,  70,  68,  72,  58,  60,  88, 115, 177, 209, 219, 210, 192,
        194, 180, 146, 137, 131, 123, 105,  70,  42,  19,  64, 105, 153,
        153, 122,  84,  71,  84, 102,  87,  70,  95, 131, 193, 223, 247,
        228, 211, 194, 192, 153, 152, 134, 119,  86,  43,  15,   0,  88,
        142, 166, 139, 101,  68,  69,  76,  90, 101, 113, 144, 156, 200,
        216, 223, 213, 202, 178, 177, 134, 127, 108,  91,  59,  27,  17,
         10,  96, 134, 145, 118, 102,  85,  76,  75, 100, 147, 172, 190,
        188, 206, 192, 188, 177, 171, 148, 143, 107,  92,  86,  71,  47,
         40,  60,  68,  76,  99, 112, 119, 130, 137, 110,  83, 103, 165,
        190, 213, 198, 206, 187, 165, 148, 137, 112, 102,  76,  64,  65,
         70,  56,  69,  93, 118,  42,  63,  99, 129, 139, 130, 103,  83,
        105, 143, 162, 180, 169, 181, 168, 153, 135, 116,  92,  87,  67,
         52,  64,  89,  90,  97, 119, 149,  54,  71, 125, 168, 158, 113,
         82,  76,  97, 107, 114, 112, 122, 142, 155, 160, 137, 130, 114,
         98,  76,  64,  71,  84,  75,  64,  82, 115,  68,  84, 120, 129,
         99,  52,  39,  49,  88,  97, 105, 101, 119, 134, 141, 148, 133,
        131, 128, 109,  83,  73,  76,  77,  60,  43,  78, 121,  94, 114,
        146, 150, 123,  73,  52,  62,  84,  92,  95,  99, 107, 126, 129,
        124, 135, 134, 140, 115,  77,  65,  65,  60,  42,  33,  77, 126,
        114, 131, 158, 172, 160, 120,  87,  82,  90,  83,  96,  94, 102,
        118, 130, 111, 124, 127, 139, 117,  75,  67,  70,  71,  70,  78,
         96, 115, 129, 147, 169, 180, 172, 147, 107,  82,  86,  74,  90,
         82,  92, 106, 117, 110, 129, 130, 141, 125,  86,  75,  74,  87,
        101, 120, 116, 106, 147, 151, 176, 202, 184, 139,  89,  66,  66,
         72,  86,  96, 103, 126, 118, 135, 147, 166, 177, 150, 111, 102,
         81,  77,  93, 102,  95,  93, 167, 155, 167, 169, 141,  98,  50,
         46,  60,  68,  84, 100, 102, 125, 114, 136, 151, 171, 161, 135,
        118, 100,  91,  95, 104, 118, 108, 116, 155, 156, 165, 153, 119,
         83,  46,  47,  63,  82, 100, 102, 106, 123, 112, 122, 148, 154,
        144, 137, 136, 143, 155, 150, 141, 133, 114, 120, 150, 167, 181,
        161, 119,  72,  28,  25,  57,  89, 109, 117, 116, 130, 113, 117,
        126, 131, 145, 164, 168, 189, 223, 218, 188, 153, 113, 105, 157,
        173, 181, 164, 131,  85,  40,  33,  68, 102, 126, 132, 128, 138,
        123, 115, 102, 108, 146, 189, 193, 199, 216, 205, 178, 127,  74,
         50, 137, 153, 163, 161, 154, 119,  71,  50,  69,  99, 136, 130,
        135, 139, 138, 114, 104, 104, 151, 201, 203, 183, 164, 148, 121,
         78,  35,  19,  98, 112, 117, 123, 146, 144, 114,  87,  78,  90,
        116, 113, 118, 126, 138, 131, 124, 115, 144, 180, 176, 137,  97,
         86,  76,  48,  19,  17,  95, 106, 102, 104, 135, 149, 135, 108,
         87,  76,  77,  82,  82,  95, 113, 141, 156, 142, 147, 165, 158,
        122,  93,  92,  90,  81,  60,  64,  94, 102,  94,  90, 118, 135,
        128, 106,  69,  60,  64,  72,  85,  93, 111, 150, 181, 178, 173,
        168, 141, 103,  96, 113, 124, 129, 109, 112,  97, 125, 115, 102,
        125, 135, 134, 103,  69,  66,  63,  77,  84,  86, 111, 145, 161,
        161, 165, 154, 141,  99, 107, 141, 166, 184, 156, 146,  68,  99,
        108, 104, 132, 146, 140, 116,  86,  82,  80,  89,  96, 103, 127,
        162, 160, 152, 150, 146, 141, 114, 129, 164, 195, 199, 166, 149,
         52,  80, 102, 103, 133, 153, 147, 134,  87,  80,  80,  90,  95,
        102, 120, 160, 158, 146, 123, 107, 112, 128, 165, 195, 205, 191,
        157, 137,  63,  86, 108, 110, 140, 162, 161, 155, 110,  86,  75,
         80,  82,  94, 122, 178, 189, 179, 143, 111, 113, 149, 192, 209,
        187, 161, 130, 111]], dtype=uint8), [1, 1, 0, 0]), (array([[  1,   2,   2,   4,   7,  13,  19,  22,  22,  16,  17,   9,   6,
          6,   7,   5,   8,   7,  10,  16,  18,  19,  20,  16,  19,  30,
         38,  47,   4,   3,   1,   4,  13,  25,  35,  40,  37,  28,  26,
         16,  11,  11,  16,  19,  19,  20,  22,  27,  31,  35,  35,  30,
         36,  55,  73,  89,   1,   0,   0,   2,  12,  24,  31,  35,  35,
         27,  25,  16,  12,  12,  19,  25,  21,  21,  18,  16,  21,  27,
         25,  22,  25,  49,  70,  86,   2,   3,   2,   4,  12,  20,  25,
         31,  28,  27,  27,  21,  22,  25,  31,  34,  35,  27,  15,   7,
         12,  17,  16,  17,  27,  50,  70,  84,  13,  16,  12,  10,  14,
         20,  30,  44,  41,  50,  56,  54,  61,  66,  68,  62,  48,  31,
         13,   2,   5,   8,   7,  12,  27,  49,  68,  82,  33,  34,  28,
         20,  16,  17,  30,  51,  62,  87, 106, 113, 123, 125, 118, 102,
         79,  52,  29,  16,  13,  10,   4,  10,  24,  41,  56,  70,  46,
         47,  40,  32,  27,  26,  43,  70,  92, 130, 163, 178, 191, 189,
        178, 157, 134,  99,  70,  49,  35,  24,  12,  13,  20,  33,  46,
         60,  43,  44,  39,  36,  38,  44,  69, 103, 123, 167, 205, 225,
        239, 238, 229, 211, 181, 141, 107,  79,  57,  41,  25,  21,  29,
         41,  54,  69,  31,  38,  36,  43,  58,  73, 101, 127, 142, 175,
        212, 231, 249, 255, 254, 244, 220, 176, 138, 102,  79,  57,  45,
         40,  43,  64,  76,  88,  21,  30,  37,  55,  77,  95, 118, 137,
        143, 165, 191, 208, 230, 245, 254, 254, 239, 200, 163, 127, 101,
         77,  61,  52,  58,  78,  93, 106,  22,  31,  47,  71,  95, 113,
        127, 134, 132, 140, 152, 166, 191, 212, 231, 239, 228, 205, 180,
        149, 123,  98,  79,  67,  69,  86, 102, 115,  39,  47,  66,  89,
        106, 117, 120, 116, 107, 105, 109, 121, 146, 167, 190, 206, 214,
        208, 195, 170, 140, 112,  88,  73,  67,  78,  92, 104,  58,  67,
         87, 104, 112, 115, 108,  95,  86,  81,  83,  92, 112, 131, 160,
        185, 203, 207, 197, 173, 143, 114,  87,  69,  60,  64,  76,  85,
         83,  94, 113, 123, 124, 120, 104,  87,  70,  66,  66,  70,  83,
        100, 135, 167, 183, 189, 178, 158, 134, 113,  90,  72,  68,  63,
         72,  78, 110, 120, 135, 139, 137, 129, 107,  87,  58,  50,  46,
         46,  57,  74, 108, 137, 162, 173, 164, 150, 132, 119, 102,  89,
         86,  73,  75,  76, 120, 128, 139, 138, 136, 128, 103,  83,  55,
         43,  35,  35,  50,  67,  95, 119, 138, 156, 153, 145, 131, 122,
        111, 102,  93,  73,  70,  66, 107, 122, 135, 127, 125, 119,  99,
         80,  56,  36,  23,  26,  37,  52,  73,  93, 121, 131, 136, 138,
        129, 120, 119, 108,  95,  74,  63,  62,  79,  93, 105,  99, 101,
         97,  79,  60,  39,  21,  14,  16,  23,  39,  57,  68,  88, 102,
        109, 115, 116, 112, 108,  95,  79,  62,  53,  51,  59,  69,  78,
         73,  78,  77,  63,  45,  24,  13,  13,  12,  11,  24,  40,  46,
         58,  77,  87,  97, 104, 101,  92,  77,  65,  55,  52,  50,  50,
         54,  57,  55,  61,  61,  52,  39,  29,  26,  27,  19,  10,  13,
         20,  29,  45,  68,  82,  93, 100,  92,  76,  63,  55,  55,  58,
         56,  53,  52,  51,  52,  62,  64,  62,  56,  53,  58,  58,  42,
         29,  18,  14,  30,  49,  73,  90, 102, 107,  93,  71,  61,  54,
         61,  68,  66,  60,  58,  57,  65,  81,  87,  91,  87,  87, 101,
        105,  82,  58,  35,  26,  49,  71,  91, 106, 113, 111,  93,  72,
         64,  64,  73,  81,  78,  63,  64,  65,  77, 100, 110, 115, 109,
        115, 131, 139, 114,  85,  63,  54,  76, 104, 120, 128, 118, 102,
         84,  70,  70,  81,  88,  91,  86,  69,  73,  76,  91, 116, 129,
        133, 123, 124, 135, 145, 128, 109,  99,  94, 109, 134, 148, 149,
        124,  95,  78,  74,  82,  97, 101,  99,  92,  77,  85,  95, 112,
        133, 144, 135, 128, 121, 120, 132, 133, 133, 135, 131, 140, 160,
        163, 164, 133,  93,  75,  81, 107, 127, 132, 127, 114,  92, 104,
        115, 129, 140, 143, 136, 126, 113, 106, 116, 125, 138, 150, 147,
        153, 161, 165, 168, 137,  97,  79,  88, 116, 143, 148, 143, 129,
        112, 129, 143, 156, 156, 150, 148, 135, 122, 107, 106, 113, 129,
        142, 138, 140, 142, 146, 154, 136, 109,  95,  97, 116, 144, 149,
        145, 131, 133, 153, 170, 183, 179, 168, 172, 154, 133, 113, 102,
         99, 108, 117, 113, 114, 118, 123, 136, 132, 119, 108, 100, 108,
        129, 135, 131, 119],
       [  5,   6,   6,   9,  12,  11,  10,  13,  16,  18,  21,  23,  25,
         27,  29,  31,  31,  31,  30,  37,  53,  63,  51,  50,  61,  82,
         79,  75,   9,   8,  11,  13,  11,  12,  15,  14,  16,  18,  21,
         23,  24,  25,  28,  30,  38,  35,  28,  31,  41,  48,  41,  41,
         54,  69,  67,  68,  11,  10,  15,  15,  10,  13,  18,  14,  15,
         17,  20,  21,  22,  23,  26,  28,  33,  33,  27,  29,  29,  30,
         32,  38,  43,  50,  48,  55,  13,  15,  19,  17,  12,  16,  20,
         17,  15,  17,  20,  21,  21,  21,  24,  26,  24,  27,  26,  33,
         28,  25,  32,  39,  46,  46,  43,  54,  16,  21,  22,  19,  19,
         21,  22,  23,  19,  21,  22,  22,  22,  21,  22,  23,  23,  25,
         24,  36,  36,  33,  36,  41,  54,  50,  46,  57,  20,  23,  22,
         21,  23,  23,  22,  24,  22,  23,  23,  23,  23,  22,  21,  20,
         22,  24,  24,  34,  37,  36,  39,  47,  59,  55,  49,  58,  28,
         24,  23,  24,  24,  21,  19,  19,  18,  18,  19,  21,  23,  23,
         21,  19,  19,  22,  22,  28,  31,  34,  38,  53,  66,  64,  56,
         62,  37,  26,  26,  30,  24,  20,  19,  15,  12,  12,  13,  17,
         22,  23,  21,  19,  21,  21,  19,  21,  27,  34,  35,  52,  64,
         64,  55,  61,  46,  32,  31,  28,  27,  16,  14,  11,  12,  10,
         13,  15,  19,  22,  20,  19,  21,  19,  19,  21,  25,  29,  33,
         37,  45,  65,  64,  65,  52,  33,  31,  22,  22,  16,  14,  13,
         10,   8,  11,  13,  17,  20,  18,  18,  18,  17,  18,  20,  23,
         25,  28,  30,  52,  89,  91,  84,  42,  26,  30,  19,  18,  16,
         11,  11,   9,   7,  10,  11,  14,  17,  15,  15,  15,  15,  16,
         19,  22,  24,  26,  29,  55,  85,  93,  97,  31,  22,  30,  21,
         19,  16,  12,  11,   9,   8,   9,   9,  11,  13,  12,  13,  13,
         12,  13,  16,  20,  24,  29,  32,  36,  48,  68,  90,  28,  19,
         21,  16,  17,  13,  14,  10,   9,   8,   9,   8,   9,  12,  11,
         13,  13,  12,  12,  15,  19,  22,  27,  31,  29,  38,  58,  78,
         26,  12,   9,  10,  17,  14,  15,   9,   8,   7,   9,   8,   9,
         12,  13,  16,  16,  16,  17,  18,  20,  20,  22,  25,  25,  33,
         41,  51,  31,  11,  10,  11,  20,  17,  14,  12,   9,   8,  10,
          9,   9,  12,  13,  17,  18,  18,  19,  20,  20,  20,  20,  22,
         33,  37,  42,  50,  38,  13,  14,  10,  15,  12,   9,  13,  11,
         10,  12,   9,   8,  11,  12,  16,  15,  15,  16,  18,  18,  18,
         20,  22,  30,  36,  48,  54,  32,  15,  12,  12,  14,  13,  12,
         10,   9,   8,   8,   9,   8,  11,  14,  14,  15,  16,  15,  16,
         19,  19,  18,  20,  23,  33,  41,  44,  25,  13,  11,  10,  11,
         14,  13,  10,   9,   7,   8,   9,   9,  11,  14,  14,  16,  15,
         16,  18,  18,  18,  19,  21,  24,  28,  32,  36,  22,  16,  12,
         12,  10,  13,  12,   9,   7,   5,   7,   8,   9,  11,  13,  13,
         15,  13,  15,  18,  17,  19,  25,  28,  31,  32,  37,  42,  35,
         24,  18,  17,  13,  13,  10,   8,   5,   3,   4,   7,   8,  10,
         12,  12,  14,  13,  16,  17,  14,  21,  31,  33,  31,  30,  37,
         43,  59,  33,  23,  22,  17,  13,   9,   9,   4,   1,   2,   6,
          7,   9,  11,  11,  15,  16,  19,  17,  12,  20,  30,  30,  30,
         27,  32,  39,  94,  44,  29,  22,  18,  14,   9,   9,   5,   1,
          2,   6,   8,   9,  11,  11,  16,  20,  23,  19,  13,  17,  22,
         21,  25,  29,  36,  39, 137,  65,  41,  24,  20,  16,  10,   9,
          6,   2,   2,   6,   8,  10,  11,  12,  16,  20,  23,  20,  16,
         15,  19,  21,  28,  44,  55,  56, 172,  84,  54,  28,  22,  19,
         12,   9,   7,   2,   2,   6,   8,  10,  11,  12,  15,  18,  20,
         19,  18,  16,  20,  27,  28,  49,  64,  64, 197, 118,  68,  37,
         28,  23,  16,   9,   6,   5,   7,  11,  10,  10,  13,   9,  10,
         16,  19,  19,  22,  21,  22,  33,  36,  44,  63,  70, 236, 142,
         75,  39,  31,  23,  15,  15,   7,   7,   8,  12,  12,  13,  16,
         12,  16,  19,  21,  20,  22,  22,  23,  29,  30,  37,  56,  64,
        255, 160,  82,  43,  39,  28,  12,  10,  13,  12,  11,  14,  14,
         15,  18,  15,  18,  19,  21,  20,  21,  25,  28,  27,  31,  37,
         50,  57, 238, 150,  78,  42,  50,  45,  24,  16,  18,  18,  15,
         16,  16,  15,  17,  15,  18,  18,  19,  20,  19,  26,  31,  26,
         28,  32,  39,  42]], dtype=uint8), [1, 0]))
